0.495013
-0.134520
0.819328
0.584119
0.095872
0.518257
-0.131558
0.751637
1.163639
1.313892
-0.802133
0.413169
1.182427
1.418518
0.776572
2.268430
0.285521
0.501378
0.750980
0.221019
-0.114774
-0.383086
0.125669
0.931814
0.754346
-0.535709
0.422242
0.104444
0.039598
0.545861
-0.109488
0.923064
-0.232033
1.533830
2.076720
-0.363376
-0.588754
-0.132372
0.244312
2.238345
-0.257599
-0.274407
1.658492
1.955372
0.101529
1.253331
0.838984
0.389556
-0.537874
2.190218
1.105861
0.607473
0.131620
0.464673
0.392223
-0.121746
1.478638
1.117656
1.870746
-0.442848
-0.958470
0.915536
0.821992
1.381171
1.224417
1.259109
2.123437
0.756761
1.569397
0.647090
-0.023166
0.125396
1.526604
0.394002
0.039758
0.036574
1.443257
1.496107
0.465744
0.977087
1.458918
0.117456
-0.022305
-0.117597
0.035205
0.529974
0.530035
-0.228150
-0.370422
-0.247692
-0.335825
-0.128724
0.952953
1.081444
0.664893
0.166436
-0.107761
0.974285
1.828464
1.076417
-0.598978
1.951016
0.339292
-0.011657
-0.445881
1.357552
0.234393
1.803320
0.515832
0.604116
-0.029661
0.630952
0.478905
0.426551
0.683494
0.274954
1.167598
0.839300
0.091865
1.177974
0.649343
1.361519
0.746333
0.484325
1.048780
0.902798
0.998902
1.692180
0.882084
-0.561277
1.109256
0.072359
-0.425897
0.175733
0.719416
1.015061
0.293758
0.251843
-0.472748
-0.221056
-0.070009
0.042735
0.262137
0.372608
0.574339
-0.201744
-0.351310
1.767469
-0.613380
-0.358903
1.422964
0.893744
-0.304171
-0.564732
0.238472
0.713933
0.825596
-0.408308
1.036747
-0.451702
0.087206
0.552593
2.440507
0.534938
-0.384802
0.143645
1.589940
0.394356
0.751658
0.238416
-0.636441
0.603284
0.032710
-0.504991
-0.110708
1.928298
-0.014687
0.590116
1.431405
0.155645
0.754549
-0.143325
0.388471
0.143937
0.560081
1.114463
1.048315
1.125812
0.181202
1.014579
0.008788
0.105282
1.661477
1.204558
0.632624
0.342207
0.610451
1.139013
1.046607
1.456100
0.174024
0.319921
1.519602
-0.428387
0.562242
-0.009140
0.133802
0.653480
1.709394
0.715888
0.495217
1.168069
0.874858
-0.510008
0.519786
0.385285
1.277279
-0.007775
0.699342
0.249093
0.833131
1.960824
0.904912
-0.184178
2.303188
1.857618
-0.237713
0.497535
0.696772
1.618747
1.108534
1.532671
1.134180
2.221183
0.419219
0.672054
1.196270
0.202507
0.718514
1.297826
0.405210
0.336072
0.860711
0.395749
0.383735
-0.031052
0.570566
0.344828
-0.398013
0.927793
0.930446
0.101114
0.313054
0.816937
2.563993
0.646129
0.741097
0.422798
0.190653
1.678314
-0.562500
-0.198544
-0.236541
1.355900
0.985492
0.105364
-0.161795
0.982323
1.130802
0.286429
1.013409
0.624508
0.682285
0.739368
1.104566
1.175552
0.079420
0.553688
0.791828
0.498711
-0.105161
-0.481380
0.634051
0.545943
2.312912
0.882830
-0.017414
0.511526
-0.088777
0.680083
0.517458
1.330783
0.032492
0.993061
0.683137
0.140705
1.142460
0.246911
0.298827
0.698994
0.748907
0.587495
0.607677
1.439967
1.363330
-0.487509
0.934282
0.470673
-0.391818
0.507860
-0.436976
0.580210
-0.463442
-0.092157
1.815702
0.991877
0.524919
0.624765
0.393865
0.845836
0.203101
-0.628039
0.838398
1.482720
0.193490
1.027453
0.941630
-0.572676
0.613279
1.483861
0.465444
0.824239
0.713309
-0.720392
0.146084
1.402322
-0.221596
0.167019
0.407896
-0.338454
1.233447
0.070581
1.601605
0.893182
0.458795
-0.073826
0.860946
0.387917
0.509109
0.701210
-0.086672
0.801456
0.166019
1.068916
0.150999
1.081589
1.061552
-0.481147
0.603205
1.335497
1.826017
0.443434
0.526256
-0.126038
-0.658849
0.348914
-0.243275
0.810717
0.101917
0.775345
-0.200570
1.275651
1.449853
0.971120
1.309066
1.761919
-0.053487
-0.000722
0.662508
1.157966
1.104625
0.638129
0.313147
0.246923
1.079903
-0.382970
1.657457
1.884676
1.422691
0.770632
0.988416
0.197790
1.320479
0.354799
-0.284309
0.070674
0.976168
0.794450
1.411945
0.312615
1.087967
1.017677
-0.374721
0.811860
2.063414
-0.104493
0.256895
0.038341
0.264548
0.062136
0.949225
-0.007462
1.953873
-0.990624
1.396061
1.566600
0.539711
0.035097
0.383823
0.083881
-0.253687
0.909774
1.006168
0.745372
-0.341113
-0.040575
0.073176
0.059098
1.399715
-0.329427
-0.046087
0.542492
0.216959
-0.296520
0.012644
1.840132
1.203810
1.173997
0.564629
0.050270
-0.250507
0.316038
0.299218
1.002256
1.280066
2.299021
1.129075
0.139385
0.413701
1.601844
0.350400
0.513914
0.071786
0.384564
0.993971
1.262211
0.341778
-0.308507
1.560486
0.354766
-0.412132
1.278577
0.777903
0.929642
-1.029621
-0.063874
0.422582
1.371917
0.810500
0.271387
-0.225037
1.662136
0.420900
0.634849
0.563463
0.754700
1.904088
0.737573
-0.350103
0.509674
1.948805
0.621598
1.439392
-0.329914
-0.077212
2.125660
0.312771
-0.045421
1.374500
1.130758
-0.223968
0.076053
1.211514
0.122899
1.073457
0.817992
0.492883
0.732022
2.404538
0.517623
1.743130
0.083275
0.738287
0.171874
1.350361
1.988838
0.086471
1.123834
0.576233
-0.907670
0.468150
0.310646
0.536806
-0.276565
1.348244
0.862151
1.119196
0.688726
0.399598
0.966997
1.704258
-0.193591
0.592943
0.699522
0.593319
-0.039081
-0.439645
2.241801
0.456799
0.512049
0.656168
-0.441757
-0.186040
1.309382
0.037961
1.121593
0.856207
1.392155
1.259024
0.671815
1.829007
-0.458230
1.292611
0.609449
1.192505
-0.432448
0.036449
0.507843
1.113877
0.363624
0.098147
0.062079
0.820912
-0.038053
-0.318128
0.419355
1.224303
0.815449
0.038521
1.892670
-0.585642
1.348397
-0.079086
1.309778
0.188587
0.240095
1.712426
0.219476
-0.006247
0.120279
0.391725
-0.345935
-0.450818
1.108089
0.555967
1.873064
1.355314
-0.065453
0.014268
-0.261570
2.535748
0.899438
2.224279
0.507545
0.518651
0.570131
0.719389
-0.045541
-0.095092
1.475227
-0.289941
1.449184
1.673366
1.450559
-0.346538
1.795837
-0.484163
-0.063501
0.447576
0.101434
0.452900
1.491637
-0.402976
-0.063370
1.100982
-0.242871
-0.003460
-0.269356
1.051076
1.262960
0.145477
0.555357
0.731408
0.648325
1.013178
0.888353
1.354085
0.456925
0.631525
0.632158
0.062555
1.391902
0.180640
1.233864
0.820474
1.235066
-0.264611
-0.159399
0.972238
0.551202
0.199773
0.645234
-0.239125
0.468811
0.964263
-0.260397
-0.524671
1.319694
1.322123
1.935600
0.865929
0.620325
0.713598
1.523407
-0.337275
1.404722
0.057877
0.046353
1.054537
0.434518
0.401978
-0.312405
0.402501
0.067156
-0.539074
0.284954
0.365101
1.067898
-0.512693
1.270887
0.293304
0.991790
0.474262
0.149931
0.585795
-0.007521
0.428637
1.242266
0.236371
1.640154
1.578255
0.723624
1.415807
0.455698
0.953355
0.696258
-0.621526
0.845328
0.335115
1.097880
-0.568650
0.466756
1.051420
0.495222
0.267526
-0.027776
0.588359
-0.022219
0.157522
1.183016
-0.590603
1.466048
1.605010
-0.466572
1.438934
0.522274
1.942561
0.823437
0.770928
-0.314530
0.443579
-0.514846
-0.216589
0.523390
1.555716
-0.354954
-0.685637
0.242445
0.156617
-0.195816
1.444930
0.879415
1.887132
0.961197
0.355398
-0.090075
1.250722
0.198025
0.844465
0.074645
0.363328
1.320813
-0.627472
0.134623
0.309503
0.104145
0.884982
0.163184
1.019968
0.813647
1.136062
1.155936
0.651409
0.197349
-0.094741
1.221162
1.418306
-0.410820
1.726918
-0.091338
1.149438
0.974185
0.253681
-0.108250
-0.631386
1.532053
2.041021
0.921667
0.968110
0.912292
1.121400
-0.289306
0.936427
0.459434
0.776683
1.093135
1.222848
1.733002
-0.243445
0.534652
1.403418
1.374461
1.220847
0.227241
1.389619
1.254176
-0.221736
1.277669
-0.108232
1.426053
-0.281879
0.526286
1.850758
1.767054
0.679487
-0.745373
0.932268
0.728946
0.631248
0.883210
0.849361
0.322111
1.083067
1.205878
0.609981
0.293184
0.985889
-0.239670
0.983676
-0.350126
0.259922
0.543637
-0.322686
1.156121
0.445786
0.921841
0.837405
0.730732
0.812353
-0.205011
1.401550
0.465008
0.021680
1.013745
0.549895
2.096530
0.570751
0.565961
0.264216
-0.761312
0.556951
1.761218
-0.672779
0.068939
1.622466
-0.751727
-0.634286
1.806730
1.709414
1.198154
0.154204
0.731999
0.176349
-0.097645
0.137692
1.605281
0.617379
0.743133
0.215515
1.449999
0.532925
0.119895
0.675554
0.625148
1.987646
2.466508
1.182688
1.314443
-0.459675
0.181988
0.254690
1.321324
0.655393
1.004309
0.329108
1.707975
1.737307
0.348220
-0.065322
1.499331
1.483150
2.305204
0.272757
0.502129
-0.031086
-0.278794
0.257415
0.877474
-0.096949
1.551074
0.222106
0.239885
1.758460
1.657544
2.098397
1.664582
0.416151
0.720113
-0.123061
2.401689
0.572354
-0.466791
-0.483594
-0.249921
1.717659
0.839096
0.944941
1.108478
-0.355375
0.177508
0.555940
1.398354
2.746258
1.558879
0.607720
1.434489
0.721374
1.001180
0.296685
0.829155
0.790456
-0.816364
0.846227
1.506664
-0.074345
0.734786
1.498998
1.127946
0.114043
1.606402
2.034282
0.876226
1.021798
1.643166
0.002825
1.225340
1.128015
0.292316
1.941645
0.906672
0.801950
1.125187
0.366884
0.588418
-0.573942
-0.791518
0.387344
0.523860
2.634833
0.302906
0.790210
0.578130
1.799997
1.042222
-0.269107
0.184561
1.480403
1.209579
-0.285076
-0.225298
1.203010
0.097097
0.491223
-0.330089
0.297947
-0.260091
-0.517540
0.102091
0.769143
0.540539
-0.071646
1.442270
0.316863
1.023746
1.565583
0.257967
1.572587
1.049563
0.471750
0.183879
2.123151
1.208601
0.686964
-1.085829
1.424663
1.986267
0.673790
0.314807
0.586071
0.386455
1.596791
0.075512
1.604655
1.509671
0.515684
0.456995
0.170089
0.255461
0.224198
0.840794
0.933430
1.494879
1.077234
-0.187423
0.557291
0.556465
0.969101
1.107068
-0.560943
2.346887
0.648117
-0.226639
0.836742
-0.518002
-0.335008
0.721893
0.400866
-0.445522
1.637022
-0.699011
0.027289
-0.074308
0.964263
0.424909
0.506854
0.643422
1.807883
-0.078795
-0.685600
-0.218926
