0.555331
-0.077372
0.502958
1.870257
0.081985
1.158767
0.068229
0.544512
1.432896
0.548747
-0.479264
0.289807
0.961981
1.311301
0.518711
2.193524
0.879493
0.996818
0.671759
0.090314
0.418382
-0.042598
0.183641
1.575957
1.112950
-0.472014
0.336822
0.333950
0.283166
0.034409
0.394055
0.398743
0.008283
1.323232
1.131751
-0.362906
-0.954577
-0.284388
0.607814
2.135545
0.214072
-0.406284
1.527682
1.837427
0.667532
0.934429
1.025543
0.521503
-0.704244
2.073676
0.828938
0.526374
0.436660
0.588920
0.587268
-0.169811
1.713657
1.125914
1.314977
-0.149081
-0.659438
0.758722
1.423442
1.390693
1.331925
0.624216
1.336202
0.562442
1.564673
0.541889
-0.008802
0.039497
0.992044
0.051962
0.004981
1.227325
1.051910
0.892645
0.664518
1.345357
1.440607
0.646167
0.076931
0.176206
0.344497
0.597208
0.446968
0.083530
-0.631788
0.296639
0.756879
-0.108782
0.910955
1.026070
0.960342
0.067809
0.045559
0.899082
1.615566
0.953139
-0.214507
1.717216
1.016354
-0.189279
-0.278459
1.341000
-0.046573
1.486722
0.857061
0.279552
0.139913
0.642375
0.819516
0.728882
0.745634
-0.132207
1.445889
1.050819
0.683286
1.194410
0.720168
1.803668
1.129329
0.265926
1.127263
1.059133
0.847289
1.976141
1.049599
0.040381
1.168947
0.086703
-0.286009
0.026259
0.738500
1.189003
0.336559
-0.176355
0.056986
-0.272221
0.263122
0.449754
0.277174
0.310499
0.410793
-0.079961
0.072433
1.306495
-0.749850
-0.261442
1.959976
1.094527
-0.240682
-0.157470
0.245916
0.078822
1.028946
-0.423875
0.960738
-0.437901
0.336674
0.773477
1.851044
1.334832
-0.141439
0.151092
1.215897
-0.228608
0.675650
-0.267746
-0.617446
0.067040
0.489482
0.338150
-0.145000
1.397558
-0.130158
1.933129
1.292197
0.355316
0.760532
0.010829
0.700063
0.145730
0.651491
1.531107
0.905554
0.970958
-0.158560
1.493867
-0.048663
-0.057990
1.730597
0.441615
0.658097
0.304123
0.322902
0.533710
0.536968
1.257103
1.659368
0.291072
1.319241
-0.073059
0.393401
0.220727
0.344592
0.639955
1.015756
0.418074
0.232413
0.946611
1.413191
-0.177184
0.776415
0.605114
1.133973
0.182004
0.181112
1.078698
0.901226
1.706217
0.392863
-0.269507
1.789030
1.870229
0.333232
0.291127
0.578035
1.764309
1.184324
1.220354
1.197321
1.348234
0.943511
0.744316
1.203963
0.417519
0.609259
1.254262
0.416226
0.421849
1.026647
0.776263
0.747085
0.228172
0.642605
0.258966
0.097790
0.900702
1.011767
0.527763
0.475729
1.125528
1.832354
1.049097
0.688414
0.432504
0.162206
1.193136
-0.504993
-0.179644
-0.191739
1.319226
0.771506
1.777862
-0.051196
0.820327
1.714451
0.278807
1.080387
0.547518
1.049853
0.587979
0.359552
0.978369
0.121962
0.313378
0.573419
0.278765
-0.419811
-0.508955
0.601636
0.872264
1.423749
1.219232
0.214750
0.218504
0.082821
0.612932
0.917623
1.373532
0.519544
0.796299
0.987805
0.045720
0.676103
0.528425
0.542561
0.904371
0.757672
0.356976
1.425373
0.780780
1.210326
-0.163350
0.879138
0.336724
-0.198531
0.274247
-0.424735
0.430074
-0.058081
0.048083
1.804874
0.713443
1.683147
0.854722
0.220320
0.605754
0.426400
-0.343427
0.688202
1.337216
0.344780
0.667245
1.188684
-0.242101
0.762147
1.785999
0.542610
0.991216
0.884221
-0.468763
0.211932
1.488196
0.044959
0.397129
0.127364
0.034551
1.049986
0.535482
1.228795
0.588803
1.007054
-0.028473
1.073666
0.276472
0.865809
0.931908
0.005452
0.487524
0.563586
1.229320
-0.034196
0.915099
0.719374
-0.320610
0.016294
1.216743
1.439076
0.164518
0.476150
0.118772
-0.150030
0.390612
-0.480222
0.610337
-0.071833
0.384261
0.343497
0.905289
1.041021
1.080739
0.994677
0.942553
0.031273
-0.155862
0.863316
1.163302
0.946260
0.653332
0.541401
0.277708
0.828245
-0.401259
1.934425
1.594492
1.587481
1.135928
0.786196
0.315670
1.171720
0.356297
0.113421
-0.201056
0.861802
0.847092
1.280551
0.466751
1.320643
0.887876
-0.011434
0.456213
1.933494
-0.323954
0.603041
0.177329
0.549378
0.582686
0.844578
0.224754
1.788073
-0.751377
1.016195
1.260988
0.702582
-0.027283
0.328468
-0.047066
-0.517720
0.539363
0.935051
0.378317
-0.362256
0.007188
0.425914
0.152208
0.624113
-0.129292
0.070824
0.496520
0.045242
-0.056902
-0.376230
0.564104
0.749774
1.323925
0.452206
0.809537
0.842759
0.706649
0.474146
1.162032
1.403079
1.880907
0.998137
0.332220
0.381154
1.201641
0.084991
0.512677
0.521059
1.101392
1.244465
1.595251
0.504968
-0.383264
1.562617
0.219814
0.274274
1.368656
0.989810
0.748216
-0.847290
0.223133
2.036018
0.694364
1.092506
-0.079383
-0.260819
1.271588
0.082978
0.984116
0.959633
1.412216
1.228068
0.162907
-0.082295
0.723147
1.852707
0.260638
1.174341
0.146510
0.274709
1.801040
0.318743
-0.075329
1.533675
1.010564
-0.012030
0.389753
1.225721
0.766124
0.952664
0.743702
0.430430
0.623070
2.104424
0.778346
1.736198
0.060733
0.647936
0.007402
1.081208
1.557185
0.250655
1.360953
0.674325
-0.742308
0.330166
0.281777
0.353407
0.988703
1.061149
1.248308
1.426634
0.913560
0.344950
0.936283
1.377883
-0.005418
0.450611
0.151253
0.829186
0.273416
-0.405984
2.030621
0.249254
-0.033381
0.635736
-0.098326
0.133921
1.257034
0.135467
1.218822
1.012068
1.327205
1.279332
0.487740
1.995342
-0.274453
0.551654
0.523256
1.584907
0.203570
0.498279
0.664599
0.935921
0.153947
-0.078129
-0.004283
0.749861
-0.536074
-0.643378
0.884413
0.937645
0.239650
0.066679
1.910603
-0.505690
1.256473
-0.140802
1.381703
0.896487
0.482567
1.393835
0.834836
0.105270
0.095115
0.011110
0.449164
-0.159564
0.852896
0.664190
1.442694
0.657290
-0.294880
0.065201
-0.090394
2.076175
0.946327
1.904455
1.033850
0.319728
0.944672
1.207723
0.136223
-0.033256
1.348734
-0.428799
1.121510
1.514202
1.052863
-0.220327
0.938478
-0.121177
-0.154392
0.581874
0.199324
0.679338
1.616121
-0.165412
0.631972
0.810065
-0.356984
0.065572
0.062097
1.024182
1.680580
0.400020
0.227003
0.841062
1.181040
0.688106
0.691405
1.310034
0.798718
0.765028
1.220960
0.025236
0.909169
0.269830
1.095052
0.906168
0.791512
-0.502228
-0.060511
1.469044
0.100977
0.366967
0.460590
0.066125
0.241126
0.793006
-0.493195
-0.598550
0.945393
1.233240
1.745055
0.820680
0.157952
0.727320
1.378502
0.131424
1.182647
-0.109266
-0.089982
1.132191
0.395297
0.742115
0.046936
0.876061
0.233973
-0.358391
0.774521
-0.064159
0.783793
-0.029979
1.134277
0.487997
0.738048
0.595212
-0.129836
0.448968
0.118687
0.687616
1.831382
0.229367
1.264715
1.377535
0.082938
1.242751
0.380542
0.637701
0.604483
0.026602
0.312159
0.456624
0.696847
-0.427367
0.768692
0.703360
0.479026
0.599686
0.060283
1.468812
0.353617
0.140444
0.836797
0.237778
1.233356
2.021532
-0.934595
1.974141
0.628034
1.720768
0.859712
0.702160
-0.235267
0.443289
-0.150673
0.068421
0.379635
0.934958
-0.164495
-0.197207
0.430774
0.405287
-0.476471
1.106753
0.244625
1.565231
1.368542
0.555144
-0.338035
1.548862
0.160369
0.501412
0.319075
0.914342
1.259437
-0.642854
-0.536578
0.344762
0.259236
0.231420
0.449701
1.177361
1.089572
1.108101
1.029611
0.390859
0.575888
0.253299
1.592151
1.870517
-0.011725
1.452614
0.522982
1.026101
0.524368
0.679570
-0.005467
-0.462604
1.627882
2.030121
0.806128
1.105845
0.837338
0.785725
-0.184414
0.510294
0.630105
1.424798
0.863473
1.533564
1.352453
-0.076142
0.910064
1.543575
1.638013
0.716008
0.509986
1.555325
0.971655
-0.363828
1.009393
-0.117684
1.303190
-0.199716
0.641506
1.634975
1.480073
0.979221
-1.199184
0.343516
0.408826
0.440080
0.602844
0.799283
0.657385
1.590180
1.095415
0.211754
0.405753
1.562556
-0.009724
1.109030
0.005105
0.172280
0.555348
-0.452370
0.266592
1.044670
1.070873
1.673307
0.074449
0.565875
-0.206941
0.918363
1.110089
-0.341464
0.867425
0.740606
2.053622
0.476472
0.344141
0.207736
-0.464641
0.637853
1.661087
-0.087324
0.092222
1.862269
-0.029438
-0.577463
1.767534
1.694294
1.205821
0.101017
0.985215
0.021713
0.101357
-0.478395
1.784572
1.860765
0.293376
0.863749
1.446042
0.842334
-0.605293
0.159249
0.428755
1.544010
2.121757
1.036976
1.247873
-0.389253
0.054451
0.068409
1.109193
1.033409
0.878896
0.460882
1.475237
1.091470
0.448830
0.097487
1.422087
0.997393
2.338700
-0.105445
0.354070
0.210734
-0.124735
-0.193588
0.486944
0.121380
1.493540
0.259113
0.520788
1.228582
1.410243
1.562710
1.010101
0.804346
0.662318
0.104057
2.055996
-0.372178
-0.471366
-0.239785
0.077145
1.699963
0.531896
1.197788
0.885480
-0.375007
0.419745
0.757427
1.307352
2.525360
0.840374
0.562923
1.240531
0.856550
0.579745
0.197362
1.323663
0.813226
-0.411683
0.538729
1.521160
0.444604
0.177803
1.705101
1.424423
0.049899
1.680974
1.499624
1.077554
0.716436
1.237723
-0.141911
1.440257
0.642369
-0.223417
2.262940
0.680567
0.521572
0.772149
0.330977
0.791929
-0.556443
-0.740845
0.265465
0.546536
1.346003
0.112101
1.156875
0.414851
1.616011
1.074983
-0.100028
0.034130
0.992409
0.927299
-0.000127
0.275903
1.897020
0.441222
1.042818
-0.618957
0.389052
-0.141566
0.446256
-0.164787
1.229972
0.813087
0.010431
0.744817
0.528640
1.248031
1.400476
0.501985
0.725739
0.399947
1.584461
0.546110
1.570226
0.830214
0.332535
-0.546932
1.085098
1.719254
0.735153
0.064104
1.088415
1.301879
1.588016
-0.055048
1.156010
1.630552
0.672830
0.314349
0.514787
0.088557
0.245741
0.780608
0.963131
0.922164
0.476949
-0.011430
0.696699
0.564914
0.505899
1.072642
0.101217
1.358074
0.437596
-0.183167
0.813663
0.346132
0.217551
0.479232
0.455584
-0.496666
1.645443
-0.522055
0.694552
-0.111022
0.886621
0.147301
0.393006
0.526926
1.742727
0.438826
-0.621421
-0.344386
